#daa520
16.0, 182.0
18.0, 186.0
21.0, 189.0
23.0, 191.0
26.0, 193.0
28.0, 195.0
30.0, 199.0
32.0, 202.0
34.0, 205.0
35.0, 209.0
36.0, 213.0
37.0, 216.0
37.0, 219.0
37.0, 222.0
37.0, 224.0
37.0, 228.0
35.0, 232.0
35.0, 235.0
34.0, 238.0
31.0, 244.0
30.0, 248.0
28.0, 251.0
26.0, 253.0
22.0, 256.0
18.0, 259.0
15.0, 263.0
14.0, 263.0
13.0, 263.0
9.0, 265.0
5.0, 267.0
4.0, 267.0
1.0, 267.0
-2.0, 267.0
-4.0, 267.0
-7.0, 266.0
-10.0, 264.0
-13.0, 262.0
-14.0, 261.0
-15.0, 260.0
-18.0, 256.0
-19.0, 253.0
-21.0, 250.0
-24.0, 249.0
-27.0, 245.0
-27.0, 244.0
-27.0, 241.0
-27.0, 239.0
-28.0, 236.0
-28.0, 234.0
-28.0, 232.0
-28.0, 231.0
-28.0, 229.0
-28.0, 227.0
-30.0, 221.0
-30.0, 220.0
-29.0, 218.0
-27.0, 216.0
-25.0, 215.0
-22.0, 212.0
-19.0, 210.0
-17.0, 210.0
-15.0, 207.0
-13.0, 207.0
-12.0, 206.0
-9.0, 206.0
-8.0, 204.0
-6.0, 202.0
-5.0, 201.0
-1.0, 199.0
1.0, 196.0
1.0, 196.0
4.0, 194.0
6.0, 192.0
8.0, 190.0
9.0, 188.0
11.0, 188.0
12.0, 187.0
14.0, 186.0
15.0, 184.0
19.0, 185.0