black
-106.0, 88.0
-103.0, 88.0
-100.0, 91.0
-100.0, 94.0
-99.0, 96.0
-98.0, 98.0
-98.0, 99.0
-98.0, 101.0
-98.0, 103.0
-98.0, 104.0
-98.0, 106.0
-98.0, 108.0
-98.0, 109.0
-99.0, 111.0
-99.0, 111.0
-100.0, 113.0
-102.0, 113.0
-104.0, 115.0
-106.0, 115.0
-107.0, 115.0
-108.0, 115.0
-109.0, 115.0
-109.0, 114.0
-111.0, 113.0
-112.0, 113.0
-113.0, 110.0
-113.0, 109.0
-114.0, 108.0
-114.0, 106.0
-114.0, 105.0
-114.0, 103.0
-114.0, 101.0
-114.0, 99.0
-114.0, 97.0
-114.0, 96.0
-113.0, 95.0
-113.0, 93.0
-112.0, 92.0
-111.0, 90.0
-111.0, 89.0
-110.0, 89.0
-108.0, 88.0
-108.0, 88.0
-107.0, 89.0
-105.0, 90.0