black
-6.0, 90.0
-4.0, 90.0
-2.0, 90.0
-2.0, 90.0
-1.0, 92.0
-1.0, 93.0
0.0, 95.0
2.0, 98.0
3.0, 99.0
3.0, 102.0
4.0, 103.0
4.0, 105.0
4.0, 106.0
1.0, 109.0
1.0, 111.0
0.0, 113.0
-2.0, 113.0
-3.0, 114.0
-4.0, 114.0
-5.0, 114.0
-6.0, 114.0
-7.0, 114.0
-9.0, 113.0
-11.0, 111.0
-11.0, 109.0
-11.0, 108.0
-11.0, 106.0
-12.0, 105.0
-12.0, 104.0
-12.0, 102.0
-12.0, 100.0
-12.0, 99.0
-12.0, 97.0
-12.0, 96.0
-10.0, 95.0
-10.0, 94.0
-9.0, 91.0
-8.0, 92.0
-7.0, 92.0
-5.0, 91.0