black
-125.0, 36.0
-123.0, 31.0
-121.0, 29.0
-118.0, 24.0
-116.0, 23.0
-114.0, 20.0
-110.0, 18.0
-107.0, 16.0
-106.0, 14.0
-103.0, 13.0
-101.0, 11.0
-95.0, 8.0
-91.0, 5.0
-89.0, 2.0
-82.0, -1.0
-81.0, -3.0
-77.0, -4.0
-70.0, -6.0
-68.0, -6.0
-62.0, -7.0
-59.0, -7.0
-56.0, -7.0
-50.0, -6.0
-47.0, -6.0
-41.0, -5.0
-38.0, -5.0
-34.0, -5.0
-27.0, -3.0
-24.0, -2.0
-20.0, -0.0
-16.0, 2.0
-13.0, 3.0
-12.0, 4.0
-10.0, 5.0
-9.0, 8.0
-9.0, 5.0
-9.0, 2.0
-9.0, -1.0
-10.0, -3.0
-10.0, -6.0
-10.0, -7.0
-13.0, -12.0
-17.0, -15.0
-21.0, -19.0
-23.0, -21.0
-25.0, -21.0
-28.0, -22.0
-30.0, -23.0
-33.0, -25.0
-35.0, -25.0
-37.0, -25.0
-40.0, -25.0
-42.0, -25.0
-44.0, -25.0
-47.0, -25.0
-50.0, -25.0
-52.0, -25.0
-54.0, -25.0
-56.0, -25.0
-60.0, -25.0
-61.0, -25.0
-64.0, -25.0
-66.0, -24.0
-72.0, -23.0
-74.0, -22.0
-78.0, -21.0
-84.0, -20.0
-88.0, -18.0
-91.0, -16.0
-94.0, -12.0
-97.0, -10.0
-102.0, -6.0
-104.0, -3.0
-105.0, -0.0
-108.0, 3.0
-110.0, 7.0
-113.0, 12.0
-114.0, 15.0
-118.0, 19.0
-118.0, 21.0
-121.0, 25.0
-122.0, 27.0
-122.0, 28.0
-125.0, 31.0
-124.0, 35.0