#daa520
-226.0, -191.0
-228.0, -194.0
-228.0, -199.0
-229.0, -201.0
-229.0, -202.0
-231.0, -205.0
-233.0, -208.0
-233.0, -210.0
-233.0, -213.0
-235.0, -216.0
-235.0, -219.0
-235.0, -221.0
-237.0, -223.0
-237.0, -226.0
-239.0, -230.0
-240.0, -233.0
-241.0, -235.0
-241.0, -238.0
-241.0, -240.0
-241.0, -242.0
-243.0, -246.0
-244.0, -247.0
-244.0, -249.0
-244.0, -251.0
-246.0, -255.0
-246.0, -256.0
-247.0, -259.0
-247.0, -260.0
-247.0, -262.0
-248.0, -264.0
-248.0, -266.0
-249.0, -268.0
-250.0, -270.0
-250.0, -272.0
-250.0, -274.0
-250.0, -277.0
-250.0, -278.0
-251.0, -282.0
-251.0, -283.0
-252.0, -287.0
-252.0, -288.0
-252.0, -291.0
-253.0, -293.0
-255.0, -298.0
-154.0, -302.0
-153.0, -298.0
-153.0, -296.0
-152.0, -293.0
-150.0, -287.0
-150.0, -285.0
-149.0, -282.0
-148.0, -278.0
-145.0, -275.0
-144.0, -272.0
-143.0, -268.0
-142.0, -265.0
-142.0, -263.0
-140.0, -259.0
-138.0, -254.0
-137.0, -248.0
-136.0, -244.0
-135.0, -241.0
-134.0, -238.0
-132.0, -231.0
-136.0, -227.0
-140.0, -222.0
-143.0, -218.0
-145.0, -215.0
-151.0, -211.0
-152.0, -209.0
-153.0, -209.0
-156.0, -207.0
-162.0, -203.0
-167.0, -201.0
-170.0, -199.0
-172.0, -199.0
-174.0, -198.0
-178.0, -196.0
-181.0, -195.0
-182.0, -195.0
-185.0, -194.0
-187.0, -193.0
-190.0, -193.0
-193.0, -193.0
-197.0, -190.0
-199.0, -190.0
-203.0, -190.0
-204.0, -190.0
-211.0, -190.0
-213.0, -190.0
-215.0, -190.0
-217.0, -190.0
-219.0, -190.0
-220.0, -190.0
-223.0, -190.0