#daa520
-142.0, -265.0
-153.0, -301.0
207.0, -301.0
206.0, -295.0
206.0, -292.0
205.0, -288.0
205.0, -285.0
205.0, -282.0
203.0, -276.0
203.0, -273.0
202.0, -269.0
201.0, -266.0
201.0, -263.0
200.0, -261.0
198.0, -257.0
196.0, -255.0
194.0, -251.0
194.0, -251.0
194.0, -249.0
191.0, -244.0
196.0, -250.0
198.0, -254.0
198.0, -258.0
199.0, -260.0
200.0, -261.0
202.0, -264.0
204.0, -268.0
206.0, -272.0
208.0, -275.0
207.0, -279.0
210.0, -284.0
211.0, -286.0
214.0, -285.0
214.0, -281.0
214.0, -279.0
214.0, -276.0
214.0, -273.0
214.0, -272.0
214.0, -269.0
212.0, -267.0
209.0, -263.0
209.0, -260.0
209.0, -258.0
207.0, -256.0
205.0, -252.0
204.0, -250.0
204.0, -248.0
204.0, -246.0
202.0, -243.0
199.0, -239.0
197.0, -236.0
195.0, -233.0
194.0, -230.0
194.0, -228.0
192.0, -226.0
191.0, -225.0
191.0, -224.0
188.0, -221.0
187.0, -221.0
184.0, -218.0
193.0, -227.0
195.0, -229.0
196.0, -229.0
199.0, -230.0
200.0, -230.0
202.0, -231.0
204.0, -231.0
208.0, -233.0
208.0, -233.0
211.0, -233.0
207.0, -229.0
203.0, -228.0
201.0, -224.0
197.0, -220.0
195.0, -217.0
194.0, -217.0
190.0, -214.0
187.0, -212.0
183.0, -208.0
182.0, -207.0
180.0, -202.0
177.0, -200.0
175.0, -198.0
173.0, -195.0
173.0, -194.0
171.0, -193.0
171.0, -194.0
169.0, -198.0
168.0, -199.0
166.0, -199.0
165.0, -202.0
160.0, -204.0
160.0, -206.0
158.0, -210.0
158.0, -211.0
156.0, -214.0
152.0, -216.0
151.0, -219.0
150.0, -219.0
148.0, -223.0
145.0, -226.0
142.0, -228.0
134.0, -234.0
131.0, -237.0
127.0, -240.0
123.0, -243.0
120.0, -245.0
112.0, -252.0
108.0, -255.0
105.0, -256.0
103.0, -258.0
99.0, -260.0
96.0, -261.0
91.0, -266.0
88.0, -268.0
84.0, -269.0
83.0, -270.0
80.0, -270.0
80.0, -271.0
74.0, -270.0
67.0, -271.0
64.0, -273.0
57.0, -276.0
50.0, -280.0
48.0, -280.0
44.0, -280.0
38.0, -281.0
37.0, -282.0
34.0, -282.0
23.0, -282.0
20.0, -284.0
20.0, -284.0
15.0, -286.0
13.0, -286.0
7.0, -286.0
5.0, -286.0
2.0, -286.0
-1.0, -286.0
-5.0, -286.0
-16.0, -286.0
-30.0, -286.0
-40.0, -285.0
-46.0, -285.0
-51.0, -283.0
-55.0, -283.0
-58.0, -283.0
-60.0, -283.0
-63.0, -283.0
-70.0, -283.0
-73.0, -282.0
-77.0, -282.0
-80.0, -282.0
-98.0, -279.0
-98.0, -279.0
-101.0, -279.0
-105.0, -278.0
-110.0, -276.0
-112.0, -276.0
-115.0, -276.0
-118.0, -275.0
-126.0, -274.0
-129.0, -272.0
-132.0, -271.0
-135.0, -269.0
-138.0, -268.0
-143.0, -264.0