#daa520
170.0, -94.0
173.0, -100.0
177.0, -104.0
181.0, -110.0
184.0, -114.0
187.0, -116.0
194.0, -121.0
197.0, -127.0
203.0, -131.0
208.0, -136.0
211.0, -138.0
214.0, -141.0
217.0, -147.0
222.0, -153.0
226.0, -157.0
229.0, -162.0
233.0, -167.0
235.0, -171.0
241.0, -177.0
244.0, -180.0
248.0, -185.0
251.0, -190.0
254.0, -195.0
257.0, -203.0
260.0, -209.0
264.0, -214.0
266.0, -219.0
269.0, -225.0
273.0, -232.0
275.0, -235.0
278.0, -241.0
281.0, -246.0
284.0, -251.0
285.0, -256.0
286.0, -263.0
289.0, -268.0
289.0, -274.0
290.0, -280.0
291.0, -283.0
291.0, -288.0
291.0, -291.0
292.0, -295.0
292.0, -298.0
207.0, -301.0
206.0, -299.0
206.0, -296.0
206.0, -292.0
205.0, -288.0
205.0, -288.0
205.0, -284.0
205.0, -280.0
202.0, -275.0
202.0, -272.0
202.0, -267.0
200.0, -262.0
200.0, -260.0
198.0, -257.0
195.0, -252.0
193.0, -244.0
199.0, -259.0
203.0, -263.0
204.0, -267.0
205.0, -271.0
207.0, -274.0
209.0, -277.0
210.0, -281.0
210.0, -284.0
212.0, -285.0
213.0, -285.0
213.0, -285.0
213.0, -282.0
211.0, -277.0
213.0, -276.0
212.0, -274.0
212.0, -273.0
212.0, -270.0
212.0, -267.0
211.0, -263.0
207.0, -260.0
210.0, -260.0
210.0, -258.0
207.0, -254.0
204.0, -249.0
204.0, -245.0
200.0, -242.0
199.0, -238.0
195.0, -235.0
195.0, -233.0
195.0, -230.0
193.0, -226.0
190.0, -225.0
189.0, -224.0
187.0, -222.0
189.0, -226.0
194.0, -228.0
197.0, -233.0
200.0, -233.0
204.0, -235.0
208.0, -239.0
210.0, -236.0
212.0, -236.0
210.0, -233.0
206.0, -230.0
202.0, -226.0
199.0, -222.0
197.0, -219.0
195.0, -216.0
191.0, -214.0
189.0, -213.0
188.0, -211.0
185.0, -208.0
184.0, -205.0
181.0, -200.0
178.0, -197.0
174.0, -195.0
173.0, -194.0
171.0, -192.0
177.0, -177.0
176.0, -174.0
171.0, -170.0
167.0, -165.0
163.0, -161.0
161.0, -159.0
158.0, -156.0
151.0, -143.0
153.0, -139.0
155.0, -137.0
156.0, -132.0
159.0, -130.0
161.0, -126.0
162.0, -124.0
165.0, -121.0
166.0, -118.0
166.0, -116.0
167.0, -112.0
168.0, -109.0
168.0, -106.0
169.0, -104.0
170.0, -99.0