pink 
-94.0, -13.0
-91.0, -11.0
-89.0, -10.0
-88.0, -10.0
-85.0, -8.0
-82.0, -8.0
-81.0, -8.0
-78.0, -8.0
-75.0, -7.0
-73.0, -7.0
-72.0, -7.0
-70.0, -7.0
-65.0, -9.0
-62.0, -9.0
-60.0, -9.0
-57.0, -11.0
-56.0, -12.0
-54.0, -13.0
-52.0, -13.0
-51.0, -14.0
-49.0, -15.0
-48.0, -15.0
-45.0, -16.0
-45.0, -17.0
-42.0, -20.0
-42.0, -21.0
-40.0, -21.0
-38.0, -23.0
-37.0, -24.0
-39.0, -25.0
-41.0, -25.0
-44.0, -25.0
-46.0, -25.0
-48.0, -25.0
-51.0, -25.0
-54.0, -25.0
-57.0, -25.0
-59.0, -25.0
-61.0, -25.0
-63.0, -25.0
-67.0, -24.0
-70.0, -22.0
-73.0, -22.0
-75.0, -22.0
-78.0, -20.0
-84.0, -18.0
-86.0, -17.0
-88.0, -16.0
-89.0, -16.0
-92.0, -12.0
-93.0, -14.0