red
-203.0, -61.0
-203.0, -60.0
-202.0, -57.0
-202.0, -56.0
-201.0, -56.0
-199.0, -56.0
-198.0, -54.0
-196.0, -53.0
-194.0, -51.0
-192.0, -51.0
-192.0, -50.0
-189.0, -49.0
-188.0, -49.0
-186.0, -48.0
-184.0, -47.0
-182.0, -46.0
-181.0, -45.0
-180.0, -45.0
-176.0, -44.0
-175.0, -43.0
-173.0, -41.0
-171.0, -41.0
-169.0, -41.0
-169.0, -44.0
-168.0, -46.0
-167.0, -47.0
-167.0, -47.0
-165.0, -50.0
-165.0, -52.0
-164.0, -54.0
-166.0, -58.0
-165.0, -60.0
-165.0, -61.0
-165.0, -63.0
-165.0, -63.0
-165.0, -65.0
-165.0, -66.0
-166.0, -70.0
-166.0, -70.0
-167.0, -72.0
-167.0, -73.0