#daa520
-90.0, -83.0
-87.0, -83.0
-85.0, -84.0
-83.0, -84.0
-81.0, -84.0
-79.0, -84.0
-78.0, -84.0
-75.0, -84.0
-72.0, -84.0
-71.0, -84.0
-69.0, -84.0
-67.0, -84.0
-66.0, -84.0
-63.0, -84.0
-60.0, -84.0
-58.0, -84.0
-56.0, -84.0
-52.0, -84.0
-50.0, -83.0
-48.0, -85.0
-45.0, -84.0
-42.0, -84.0
-38.0, -82.0
-37.0, -82.0
-35.0, -82.0
-32.0, -82.0
-29.0, -82.0
-27.0, -79.0
-25.0, -79.0
-23.0, -79.0
-21.0, -79.0
-18.0, -79.0
-17.0, -79.0
-14.0, -79.0
-12.0, -78.0
-9.0, -78.0
-7.0, -77.0
-5.0, -76.0
-2.0, -76.0
0.0, -74.0
2.0, -74.0
5.0, -74.0
8.0, -73.0
11.0, -71.0
14.0, -71.0
17.0, -70.0
21.0, -66.0
24.0, -64.0
28.0, -63.0
30.0, -62.0
33.0, -61.0
38.0, -57.0
42.0, -54.0
46.0, -51.0
48.0, -50.0
50.0, -46.0
54.0, -44.0
59.0, -37.0
63.0, -34.0
65.0, -31.0
68.0, -26.0
72.0, -21.0
72.0, -18.0
76.0, -12.0
77.0, -8.0
77.0, -5.0
80.0, -1.0
81.0, 2.0
83.0, 6.0
85.0, 11.0
87.0, 16.0
87.0, 21.0
88.0, 25.0
88.0, 30.0
88.0, 34.0
89.0, 40.0
89.0, 44.0
89.0, 49.0
89.0, 53.0
86.0, 55.0
84.0, 59.0
82.0, 62.0
80.0, 63.0
75.0, 69.0
70.0, 72.0
67.0, 73.0
63.0, 77.0
62.0, 78.0
59.0, 79.0
56.0, 83.0
51.0, 86.0
48.0, 88.0
46.0, 90.0
44.0, 91.0
44.0, 94.0
41.0, 97.0
41.0, 99.0
41.0, 102.0
41.0, 104.0
41.0, 107.0
41.0, 110.0
44.0, 114.0
45.0, 119.0
48.0, 123.0
51.0, 129.0
53.0, 127.0
54.0, 131.0
54.0, 134.0
55.0, 138.0
56.0, 142.0
56.0, 145.0
56.0, 147.0
56.0, 150.0
56.0, 153.0
53.0, 156.0
51.0, 157.0
46.0, 162.0
45.0, 164.0
43.0, 165.0
41.0, 168.0
38.0, 171.0
35.0, 172.0
33.0, 174.0
30.0, 176.0
27.0, 178.0
24.0, 179.0
21.0, 180.0
17.0, 184.0
14.0, 187.0
11.0, 189.0
8.0, 192.0
5.0, 195.0
0.0, 199.0
-4.0, 201.0
-9.0, 205.0
-13.0, 208.0
-15.0, 209.0
-16.0, 211.0
-19.0, 213.0
-23.0, 215.0
-26.0, 216.0
-28.0, 218.0
-31.0, 220.0
-33.0, 221.0
-38.0, 223.0
-42.0, 225.0
-43.0, 227.0
-45.0, 227.0
-47.0, 228.0
-50.0, 229.0
-53.0, 230.0
-56.0, 230.0
-58.0, 230.0
-63.0, 232.0
-66.0, 232.0
-68.0, 232.0
-77.0, 232.0
-78.0, 232.0
-81.0, 232.0
-84.0, 232.0
-87.0, 232.0
-91.0, 232.0
-94.0, 232.0
-95.0, 232.0
-98.0, 232.0
-101.0, 232.0
-105.0, 230.0
-108.0, 230.0
-111.0, 230.0
-117.0, 229.0
-121.0, 229.0
-124.0, 228.0
-127.0, 228.0
-130.0, 226.0
-134.0, 223.0
-135.0, 222.0
-137.0, 222.0
-139.0, 222.0
-145.0, 218.0
-146.0, 218.0
-147.0, 217.0
-151.0, 216.0
-153.0, 214.0
-155.0, 214.0
-158.0, 214.0
-160.0, 214.0
-162.0, 214.0
-163.0, 214.0
-163.0, 213.0
-163.0, 210.0
-163.0, 208.0
-163.0, 204.0
-163.0, 203.0
-163.0, 200.0
-163.0, 198.0
-163.0, 197.0
-163.0, 193.0
-164.0, 189.0
-164.0, 191.0
-164.0, 193.0
-164.0, 196.0
-164.0, 198.0
-163.0, 200.0
-163.0, 203.0
-163.0, 206.0
-163.0, 208.0
-163.0, 210.0
-163.0, 213.0
-163.0, 216.0
-163.0, 220.0
-166.0, 224.0
-166.0, 226.0
-167.0, 230.0
-168.0, 233.0
-168.0, 234.0
-171.0, 236.0
-174.0, 237.0
-176.0, 240.0
-176.0, 242.0
-177.0, 242.0
-179.0, 245.0
-182.0, 248.0
-183.0, 250.0
-187.0, 250.0
-191.0, 251.0
-193.0, 252.0
-194.0, 252.0
-198.0, 254.0
-201.0, 254.0
-204.0, 254.0
-205.0, 253.0
-206.0, 253.0
-208.0, 253.0
-210.0, 252.0
-212.0, 250.0
-213.0, 250.0
-215.0, 249.0
-217.0, 247.0
-219.0, 244.0
-220.0, 243.0
-223.0, 239.0
-225.0, 237.0
-230.0, 234.0
-231.0, 232.0
-231.0, 230.0
-232.0, 228.0
-233.0, 225.0
-233.0, 224.0
-237.0, 219.0
-237.0, 216.0
-236.0, 214.0
-236.0, 212.0
-236.0, 210.0
-235.0, 207.0
-235.0, 203.0
-235.0, 201.0
-235.0, 199.0
-234.0, 195.0
-234.0, 192.0
-234.0, 190.0
-232.0, 188.0
-232.0, 187.0
-232.0, 184.0
-231.0, 181.0
-229.0, 178.0
-228.0, 176.0
-227.0, 173.0
-226.0, 171.0
-224.0, 166.0
-223.0, 163.0
-220.0, 162.0
-218.0, 159.0
-215.0, 155.0
-214.0, 154.0
-212.0, 154.0
-210.0, 153.0
-210.0, 152.0
-206.0, 149.0
-208.0, 147.0
-208.0, 146.0
-209.0, 142.0
-210.0, 139.0
-212.0, 137.0
-213.0, 134.0
-214.0, 131.0
-214.0, 128.0
-214.0, 126.0
-214.0, 123.0
-215.0, 121.0
-215.0, 119.0
-216.0, 112.0
-216.0, 111.0
-217.0, 109.0
-217.0, 107.0
-217.0, 104.0
-218.0, 102.0
-218.0, 99.0
-218.0, 96.0
-218.0, 94.0
-218.0, 90.0
-217.0, 86.0
-217.0, 83.0
-217.0, 80.0
-217.0, 77.0
-217.0, 75.0
-217.0, 70.0
-217.0, 68.0
-217.0, 66.0
-216.0, 63.0
-214.0, 60.0
-213.0, 57.0
-212.0, 53.0
-211.0, 50.0
-209.0, 45.0
-207.0, 41.0
-206.0, 37.0
-204.0, 34.0
-201.0, 27.0
-200.0, 25.0
-198.0, 20.0
-196.0, 16.0
-195.0, 10.0
-193.0, 6.0
-189.0, 2.0
-188.0, -0.0
-187.0, -3.0
-184.0, -8.0
-183.0, -11.0
-182.0, -14.0
-180.0, -16.0
-179.0, -20.0
-178.0, -23.0
-176.0, -27.0
-175.0, -31.0
-171.0, -38.0
-170.0, -39.0
-168.0, -43.0
-167.0, -45.0
-167.0, -48.0
-165.0, -51.0
-165.0, -53.0
-165.0, -57.0
-165.0, -60.0
-168.0, -64.0
-168.0, -67.0
-168.0, -68.0
-168.0, -69.0
-168.0, -70.0
-169.0, -73.0
-167.0, -73.0
-163.0, -77.0
-70.0, -98.0
-43.0, -107.0
-28.0, -108.0
-22.0, -109.0
-14.0, -114.0
-5.0, -113.0
-3.0, -113.0
1.0, -113.0
5.0, -113.0
8.0, -114.0
15.0, -114.0
21.0, -108.0
25.0, -105.0
29.0, -98.0
37.0, -91.0
40.0, -88.0
48.0, -81.0
52.0, -76.0
57.0, -68.0
62.0, -61.0
66.0, -54.0
69.0, -52.0
72.0, -49.0
74.0, -46.0
70.0, -41.0
66.0, -37.0
67.0, -38.0
67.0, -37.0
65.0, -35.0
65.0, -33.0
64.0, -32.0
63.0, -29.0