red
74.0, -47.0
73.0, -46.0
72.0, -44.0
72.0, -42.0
70.0, -42.0
70.0, -41.0
69.0, -40.0
68.0, -38.0
66.0, -36.0
65.0, -35.0
65.0, -35.0
64.0, -32.0
66.0, -29.0
67.0, -28.0
68.0, -26.0
71.0, -23.0
71.0, -21.0
72.0, -19.0
74.0, -17.0
76.0, -15.0
76.0, -13.0
78.0, -11.0
78.0, -8.0
79.0, -7.0
80.0, -5.0
83.0, -4.0
85.0, -4.0
87.0, -4.0
91.0, -4.0
93.0, -8.0
96.0, -12.0
98.0, -15.0
98.0, -16.0
97.0, -18.0
97.0, -20.0
94.0, -22.0
89.0, -27.0
18.0, -112.0
15.0, -113.0
10.0, -112.0
4.0, -112.0
2.0, -112.0
-2.0, -112.0
-6.0, -112.0
-12.0, -110.0
-20.0, -109.0
-28.0, -107.0
-203.0, -63.0
-203.0, -61.0
-202.0, -64.0
-200.0, -67.0
-198.0, -70.0
-197.0, -74.0
-194.0, -78.0
-194.0, -81.0
-193.0, -85.0
-193.0, -86.0
-192.0, -89.0
-192.0, -93.0
-192.0, -92.0
-191.0, -99.0
-190.0, -103.0
-190.0, -106.0
-190.0, -108.0
-191.0, -111.0
-191.0, -113.0
-187.0, -111.0
-185.0, -108.0
-183.0, -104.0
-179.0, -102.0
-177.0, -99.0
-175.0, -97.0
-171.0, -91.0
-174.0, -96.0
-178.0, -98.0
-182.0, -102.0
-184.0, -106.0
-187.0, -109.0
-190.0, -113.0
-191.0, -115.0
-196.0, -122.0
-196.0, -123.0
-197.0, -126.0
-202.0, -132.0
-206.0, -139.0
-209.0, -143.0
-210.0, -147.0
-214.0, -154.0
-217.0, -157.0
-217.0, -159.0
-220.0, -163.0
-221.0, -167.0
-222.0, -170.0
-224.0, -173.0
-224.0, -176.0
-226.0, -180.0
-227.0, -182.0
-230.0, -186.0
-230.0, -188.0
-229.0, -191.0
-228.0, -191.0
-226.0, -191.0
-226.0, -188.0
-225.0, -188.0
-223.0, -188.0
-221.0, -188.0
-219.0, -188.0
-217.0, -188.0
-215.0, -188.0
-214.0, -188.0
-212.0, -188.0
-210.0, -188.0
-209.0, -188.0
-206.0, -188.0
-202.0, -188.0
-198.0, -188.0
-196.0, -190.0
-190.0, -194.0
-188.0, -191.0
-184.0, -191.0
-182.0, -192.0
-181.0, -192.0
-178.0, -195.0
-178.0, -195.0
-174.0, -195.0
-171.0, -199.0
-169.0, -199.0
-167.0, -199.0
-166.0, -199.0
-163.0, -200.0
-162.0, -202.0
-158.0, -207.0
-156.0, -207.0
-154.0, -209.0
-153.0, -209.0
-150.0, -211.0
-148.0, -212.0
-146.0, -215.0
-142.0, -218.0
-137.0, -222.0
-134.0, -224.0
-133.0, -226.0
-131.0, -230.0
-131.0, -230.0
-129.0, -227.0
-128.0, -223.0
-127.0, -223.0
-129.0, -227.0
-132.0, -231.0
-134.0, -238.0
-137.0, -241.0
-136.0, -245.0
-136.0, -247.0
-142.0, -253.0
-141.0, -255.0
-141.0, -257.0
-142.0, -262.0
-143.0, -263.0
-141.0, -265.0
-137.0, -265.0
-134.0, -268.0
-129.0, -269.0
-126.0, -269.0
-121.0, -272.0
-117.0, -272.0
-101.0, -276.0
-98.0, -278.0
-94.0, -278.0
-87.0, -282.0
-81.0, -282.0
-75.0, -284.0
-68.0, -284.0
-65.0, -284.0
-58.0, -284.0
-55.0, -284.0
-52.0, -284.0
-40.0, -285.0
-38.0, -285.0
-26.0, -285.0
-24.0, -285.0
-19.0, -285.0
-18.0, -285.0
-14.0, -285.0
-10.0, -285.0
-9.0, -285.0
8.0, -287.0
10.0, -285.0
15.0, -284.0
18.0, -284.0
22.0, -283.0
27.0, -281.0
31.0, -281.0
34.0, -281.0
48.0, -281.0
54.0, -275.0
59.0, -273.0
60.0, -273.0
63.0, -273.0
71.0, -270.0
76.0, -267.0
79.0, -267.0
87.0, -264.0
93.0, -261.0
97.0, -257.0
101.0, -256.0
109.0, -251.0
114.0, -250.0
118.0, -247.0
121.0, -244.0
122.0, -242.0
125.0, -240.0
128.0, -238.0
130.0, -237.0
134.0, -235.0
139.0, -232.0
145.0, -227.0
147.0, -223.0
151.0, -221.0
154.0, -219.0
157.0, -214.0
160.0, -210.0
162.0, -206.0
165.0, -203.0
169.0, -197.0
169.0, -193.0
169.0, -189.0
173.0, -183.0
175.0, -178.0
177.0, -173.0
173.0, -170.0
171.0, -167.0
169.0, -166.0
164.0, -161.0
159.0, -155.0
158.0, -152.0
156.0, -149.0
152.0, -147.0
150.0, -143.0
147.0, -141.0
146.0, -135.0
144.0, -130.0
141.0, -128.0
140.0, -126.0
137.0, -124.0
137.0, -140.0
138.0, -125.0
138.0, -122.0
139.0, -118.0
139.0, -114.0
137.0, -111.0
137.0, -108.0
137.0, -105.0
137.0, -101.0
132.0, -95.0
128.0, -89.0
123.0, -81.0
117.0, -76.0
110.0, -72.0
107.0, -65.0
105.0, -61.0
104.0, -57.0
102.0, -55.0
101.0, -51.0
99.0, -51.0
97.0, -49.0
96.0, -47.0
96.0, -42.0
96.0, -38.0
98.0, -32.0
98.0, -27.0
98.0, -23.0
99.0, -19.0
99.0, -17.0
99.0, -14.0
97.0, -12.0
95.0, -10.0
92.0, -10.0
88.0, -8.0
84.0, -6.0
83.0, -5.0
81.0, -5.0
79.0, -5.0
77.0, -7.0
76.0, -10.0
73.0, -14.0
72.0, -17.0
69.0, -19.0
68.0, -22.0
68.0, -24.0
67.0, -27.0
66.0, -29.0
64.0, -31.0
64.0, -33.0
66.0, -34.0
68.0, -38.0
70.0, -40.0
72.0, -43.0
73.0, -45.0
72.0, -45.0