red
74.0, -47.0
71.0, -43.0
69.0, -40.0
68.0, -37.0
66.0, -34.0
63.0, -31.0
64.0, -29.0
67.0, -25.0
67.0, -24.0
70.0, -22.0
72.0, -19.0
74.0, -17.0
75.0, -16.0
76.0, -14.0
77.0, -11.0
77.0, -10.0
79.0, -8.0
80.0, -7.0
79.0, -6.0
82.0, -4.0
84.0, -4.0
86.0, -4.0
88.0, -5.0
90.0, -6.0
92.0, -8.0
93.0, -9.0
95.0, -11.0
97.0, -11.0
98.0, -11.0
98.0, -13.0
97.0, -16.0
97.0, -18.0
95.0, -21.0
94.0, -22.0
93.0, -24.0
92.0, -26.0
89.0, -28.0
88.0, -31.0
86.0, -32.0
84.0, -35.0
83.0, -37.0
83.0, -38.0
80.0, -40.0
77.0, -43.0
75.0, -44.0
73.0, -47.0