red
95.0, -46.0
98.0, -48.0
101.0, -49.0
104.0, -50.0
105.0, -52.0
109.0, -53.0
111.0, -54.0
112.0, -56.0
116.0, -57.0
119.0, -59.0
120.0, -59.0
124.0, -62.0
126.0, -64.0
128.0, -65.0
132.0, -66.0
134.0, -68.0
138.0, -70.0
139.0, -70.0
140.0, -72.0
144.0, -76.0
147.0, -77.0
152.0, -78.0
155.0, -81.0
156.0, -82.0
159.0, -85.0
162.0, -87.0
164.0, -88.0
165.0, -89.0
167.0, -91.0
168.0, -92.0
168.0, -92.0
168.0, -94.0
169.0, -96.0
169.0, -99.0
169.0, -101.0
167.0, -107.0
165.0, -112.0
166.0, -116.0
165.0, -121.0
162.0, -125.0
159.0, -130.0
156.0, -135.0
155.0, -137.0
154.0, -139.0
152.0, -140.0
150.0, -141.0
138.0, -125.0
137.0, -123.0
138.0, -120.0
138.0, -116.0
138.0, -114.0
138.0, -111.0
138.0, -110.0
138.0, -107.0
138.0, -105.0
137.0, -103.0
136.0, -101.0
134.0, -99.0
133.0, -97.0
131.0, -95.0
129.0, -91.0
127.0, -88.0
124.0, -85.0
123.0, -81.0
122.0, -80.0
120.0, -78.0
120.0, -77.0
118.0, -77.0
118.0, -75.0
114.0, -76.0
112.0, -76.0
111.0, -75.0
106.0, -64.0
106.0, -62.0
106.0, -61.0
105.0, -60.0
104.0, -60.0
103.0, -58.0
101.0, -56.0
100.0, -56.0
99.0, -54.0
98.0, -52.0